geography,geography code,General Health Bad or Very Bad %,White Resident,Mixed Ethnic,Asian,Black,Other
Darlington 001,E02002559,2.654053344,97.42139787,1.01786926,1.16489482,0.271431803,0.124406243
Darlington 002,E02002560,6.583312069,97.88227447,0.883775221,0.883775221,0.250125063,0.100050025
Darlington 003,E02002561,6.866614049,97.61365616,0.975439819,1.271555478,0.104511409,0.034837136
Darlington 004,E02002562,9.115008157,96.17540389,1.747444774,1.533135509,0.412133201,0.131882624
Darlington 005,E02002563,10.39381854,97.60205016,1.116602599,0.805418268,0.366099213,0.109829764
Darlington 006,E02002564,9.603092017,98.23195117,0.641970112,0.841928015,0.136813302,0.147337403
Darlington 007,E02002565,7.46573345,96.55045872,0.990825688,1.743119266,0.165137615,0.550458716
Darlington 008,E02002566,3.431115767,87.6120266,1.387684302,9.583694709,0.939577913,0.477016479
Darlington 009,E02002567,5.192964908,95.8919217,1.337193273,1.792114695,0.578990902,0.399779432
Darlington 010,E02002568,4.113166485,96.90093141,1.303979678,1.33784928,0.152413209,0.304826418
Darlington 011,E02002569,4.774879979,96.5255635,0.725673447,2.166025289,0.208905992,0.373831776
Darlington 012,E02002570,10.01923693,94.825277,1.0349446,3.51881164,0.365274565,0.255692195
Darlington 013,E02002571,8.907254362,96.6543892,1.151012891,1.304481277,0.721301412,0.168815224
Darlington 014,E02002572,7.437092265,95.56400507,1.742712294,2.107097592,0.364385298,0.221799747
Darlington 015,E02002573,4.439572486,97.81664656,0.711700844,1.061519903,0.120627262,0.289505428
County Durham 002,E02004290,7.003475007,98.4785153,0.401270691,1.053335563,0.016719612,0.050158836
County Durham 005,E02004291,12.32905533,99.02755267,0.309415058,0.589362016,0.044202151,0.029468101
County Durham 007,E02004292,5.875077304,97.97877716,0.757958565,1.187468418,0.037897928,0.037897928
County Durham 011,E02004293,10.7030796,98.4753172,0.501119522,0.81032093,0.117283292,0.095959057
County Durham 013,E02004294,5.797324312,98.33804809,0.530410184,0.860443187,0.153229609,0.11786893
County Durham 015,E02004295,8.398023994,98.60687276,0.769536951,0.583786653,0.013267878,0.026535757
County Durham 019,E02004296,9.69984738,98.34432964,0.522843272,0.92120005,0.087140545,0.124486493
County Durham 001,E02004297,7.851176917,98.98734177,0.417721519,0.443037975,0.037974684,0.113924051
County Durham 003,E02004298,8.120300752,98.79418736,0.535916727,0.474080181,0.103060909,0.092754818
County Durham 004,E02004299,8.81072815,98.86712296,0.318621666,0.649044135,0.04720321,0.118008025
County Durham 006,E02004300,12.73446911,99.06323185,0.325266719,0.429352069,0.10408535,0.078064012
County Durham 008,E02004301,14.05512411,99.02181246,0.326062514,0.517202609,0.08994828,0.04497414
County Durham 009,E02004302,9.824755071,98.58009552,0.425971344,0.70995224,0.15489867,0.129082225
County Durham 010,E02004303,7.063045429,98.62965872,0.637165052,0.64589334,0.05236973,0.034913154
County Durham 012,E02004304,9.66617509,98.72919478,0.427350427,0.775978408,0.022492128,0.044984256
County Durham 014,E02004305,8.805739204,99.05092593,0.462962963,0.393518519,0.046296296,0.046296296
County Durham 020,E02004306,6.957003137,98.63534289,0.587320781,0.535498359,0.172741406,0.069096562
County Durham 024,E02004307,9.811246559,99.17808219,0.365296804,0.289193303,0.136986301,0.0304414
County Durham 022,E02004308,5.29062007,95.24235836,1.355672081,2.340452743,0.485995652,0.575521166
County Durham 023,E02004309,6.709039548,93.62927821,1.423246357,3.744493392,0.474415452,0.728566588
County Durham 026,E02004310,9.488119917,98.53051997,0.376789751,0.816377795,0.037678975,0.238633509
County Durham 027,E02004311,10.5858332,98.7483531,0.340360123,0.691699605,0.153711023,0.065876153
County Durham 028,E02004312,4.807084124,98.11895615,0.556365081,0.967015499,0.264935753,0.092727514
County Durham 029,E02004313,6.769900179,93.85098743,1.241771394,3.456014363,0.493716338,0.957510473
County Durham 030,E02004314,2.053360652,88.56139778,2.384062704,7.233834095,0.800130634,1.020574788
County Durham 033,E02004315,2.321472393,92.58641005,1.698743126,3.908091123,0.677533386,1.12922231
County Durham 031,E02004316,11.73870334,98.9442196,0.369523139,0.510293859,0.1759634,0
County Durham 038,E02004317,11.79826983,98.29048675,0.717734569,0.495889338,0.22184523,0.274044108
County Durham 041,E02004318,7.687120701,95.65502541,0.787014265,2.836530579,0.081980653,0.63944909
County Durham 044,E02004319,10.42921687,98.71554723,0.388011774,0.749264116,0.026759433,0.120417447
County Durham 016,E02004320,9.231619679,98.9280929,0.312639571,0.64761054,0.022331398,0.089325592
County Durham 017,E02004321,9.160305344,98.14260036,0.467345716,0.994607549,0.143798682,0.251647693
County Durham 018,E02004322,15.38578142,98.72791519,0.565371025,0.494699647,0.082449941,0.129564193
County Durham 021,E02004323,9.954751131,98.70984063,0.518593473,0.619782444,0.037945864,0.113837592
County Durham 025,E02004324,10.23131673,99.16259595,0.401256106,0.348918353,0.034891835,0.052337753
County Durham 032,E02004325,12.86904762,98.84200871,0.596193534,0.42421463,0.114652603,0.022930521
County Durham 034,E02004326,6.682261209,98.49757674,0.42003231,0.872374798,0.064620355,0.1453958
County Durham 036,E02004327,17.47296528,98.39974898,0.564794478,0.9727016,0.047066206,0.015688735
County Durham 035,E02004328,11.97584124,99.11407932,0.436145564,0.35436827,0.027259098,0.068147744
County Durham 037,E02004329,9.776714514,98.49379799,0.472533963,0.915534554,0.088600118,0.029533373
County Durham 039,E02004330,14.75843812,98.95693136,0.437415882,0.420592194,0.084118439,0.100942127
County Durham 040,E02004331,14.31959139,98.50388144,0.663373324,0.663373324,0.127028934,0.042342978
County Durham 043,E02004332,11.79448716,98.52981588,0.508381423,0.783182193,0.082440231,0.096180269
County Durham 047,E02004333,9.539223153,98.98342849,0.403843476,0.487397298,0.013925637,0.111405097
County Durham 048,E02004334,12.63196888,99.06377205,0.52917232,0.325644505,0.067842605,0.013568521
County Durham 049,E02004335,8.497536946,98.40992209,0.445221816,0.763237399,0.270313245,0.111305454
County Durham 050,E02004336,13.75518298,98.9237929,0.421756835,0.465386853,0.17452007,0.014543339
County Durham 052,E02004337,9.431865537,98.98967714,0.384361959,0.4063255,0.120799473,0.098835932
County Durham 053,E02004338,9.415698698,99.20130158,0.5176749,0.118325691,0.044372134,0.118325691
County Durham 054,E02004339,6.01750547,98.79342928,0.639627853,0.247128943,0.159906963,0.159906963
County Durham 059,E02004340,11.30136986,99.03502847,0.492135482,0.328090321,0.106146869,0.038598861
County Durham 060,E02004341,7.580174927,98.36046097,0.570274445,0.914815255,0.071284306,0.083165023
County Durham 061,E02004342,11.96193928,98.49170437,0.670353612,0.469247528,0.201106083,0.167588403
County Durham 062,E02004343,10.06593407,99.38483807,0.379952958,0.162836982,0.054278994,0.018092998
County Durham 063,E02004344,5.4855026,98.82001706,0.639749787,0.36963321,0.127949957,0.042649986
County Durham 064,E02004345,8.274596891,99.21623952,0.407555451,0.274316169,0.070538443,0.031350419
County Durham 065,E02004346,5.36806342,99.16046556,0.534249189,0.171722954,0.019080328,0.114481969
County Durham 066,E02004347,4.77292769,97.85511364,0.809659091,0.980113636,0.184659091,0.170454545
County Durham 042,E02004348,6.734100042,98.95820414,0.471288602,0.471288602,0.07441399,0.024804663
County Durham 045,E02004349,12.13110102,98.90550498,0.541829215,0.444299957,0.07585609,0.032509753
County Durham 046,E02004350,9.044082415,98.98065321,0.436862908,0.436862908,0.083211983,0.062408987
County Durham 051,E02004351,12.8962536,99.06049822,0.427046263,0.427046263,0.042704626,0.042704626
County Durham 055,E02004352,6.363293051,98.03066349,0.766587365,1.044144859,0.052868094,0.105736188
County Durham 056,E02004353,6.95116586,98.43687906,0.556365081,0.741820109,0.185455027,0.079480726
County Durham 057,E02004354,9.703652653,98.67504283,0.605368361,0.62821245,0.079954312,0.011422045
County Durham 058,E02004355,11.73546249,98.8562767,0.46851316,0.385834367,0.068898994,0.220476781
Hartlepool 001,E02002483,8.601787823,98.49185381,0.506384852,0.924702774,0.044033465,0.033025099
Hartlepool 002,E02002484,9.074457084,98.17758821,0.70763862,0.862737495,0.193873594,0.058162078
Hartlepool 003,E02002485,12.226451,98.18761966,0.433950223,1.084875558,0.229738354,0.063816209
Hartlepool 005,E02002487,6.458903295,94.0638417,0.896023894,4.14411051,0.578682098,0.317341796
Hartlepool 006,E02002488,6.630211893,97.69230769,0.638297872,1.489361702,0.098199673,0.081833061
Hartlepool 007,E02002489,6.115049952,93.76813422,0.920903242,4.377444178,0.668600984,0.264917371
Hartlepool 008,E02002490,8.450170519,98.74979437,0.378351703,0.559302517,0.098700444,0.213850962
Hartlepool 009,E02002491,12.3869975,98.67357829,0.48787925,0.701326422,0.04573868,0.091477359
Hartlepool 010,E02002492,8.815977175,98.80311191,0.38898863,0.673249551,0.014961101,0.119688809
Hartlepool 011,E02002493,6.507503411,98.93155776,0.526478786,0.356147414,0.092908021,0.092908021
Hartlepool 012,E02002494,11.18892249,98.36129032,0.812903226,0.761290323,0.038709677,0.025806452
Hartlepool 014,E02006909,6.923540036,97.7251664,0.497093268,1.508130424,0.160080883,0.109529025
Middlesbrough 001,E02002496,3.503779713,56.26824661,2.902284046,32.19131032,3.91550747,4.722651554
Middlesbrough 002,E02002497,8.851706922,92.35800893,2.010210593,3.908742821,1.356094448,0.366943204
Middlesbrough 003,E02002498,7.510322509,71.74976701,3.017241379,16.95013979,5.195712954,3.087138863
Middlesbrough 004,E02002499,11.00436681,96.96647153,1.383714742,0.651942523,0.891431613,0.106439596
Middlesbrough 005,E02002500,8.854269375,80.85825308,2.432843386,14.52948133,0.895421524,1.284000676
Middlesbrough 006,E02002501,9.570395576,90.27310138,1.739618406,6.3224841,0.766928545,0.897867565
Middlesbrough 007,E02002502,12.89143414,96.61986479,1.268850754,0.832033281,1.12324493,0.15600624
Middlesbrough 008,E02002503,9.139000365,91.80353031,2.425172678,4.113584037,0.92095165,0.73676132
Middlesbrough 009,E02002504,5.725139058,79.13706106,2.522912161,15.49788899,0.62815364,2.213984142
Middlesbrough 010,E02002505,11.57182145,96.83402622,1.870802686,0.495682763,0.767508794,0.031979533
Middlesbrough 011,E02002506,5.735038208,91.45313554,1.736345246,4.922454484,1.112609575,0.775455158
Middlesbrough 012,E02002507,5.788849348,90.70847851,0.763232122,7.565953211,0.613904098,0.348432056
Middlesbrough 013,E02002508,7.319034853,88.49034292,0.886874261,9.814741821,0.157666535,0.650374458
Middlesbrough 014,E02002509,8.831763808,93.13988895,1.522478954,3.743507075,1.164248612,0.429876411
Middlesbrough 015,E02002510,8.835449878,95.90336134,0.927871148,2.538515406,0.105042017,0.525210084
Middlesbrough 017,E02002512,5.959086866,95.89066918,0.584354383,3.034872762,0.169651272,0.320452403
Middlesbrough 018,E02002513,10.5735585,97.99864315,0.961103573,0.463591135,0.452284034,0.124378109
Middlesbrough 019,E02002514,8.766810454,97.4907996,1.137504182,0.825248132,0.368016059,0.178432029
Middlesbrough 020,E02006811,5.811992026,94.70502397,1.104857202,3.25203252,0.437773609,0.500312695
Northumberland 004,E02005702,4.66562986,98.74885566,0.595056454,0.503509307,0.061031431,0.091547147
Northumberland 005,E02005703,5.714285714,98.49246231,0.428613657,0.916346438,0.073898906,0.088678688
Northumberland 006,E02005704,7.507385148,99.37137331,0.274016763,0.225660864,0.064474533,0.064474533
Northumberland 007,E02005705,4.895437262,99.26754561,0.239712345,0.399520575,0.039952058,0.05326941
Northumberland 001,E02005706,6.945279615,98.10810811,0.582120582,1.070686071,0.114345114,0.124740125
Northumberland 002,E02005707,6.521366055,98.82557634,0.4784689,0.449470784,0.217485863,0.028998115
Northumberland 003,E02005708,6.132718314,99.35885167,0.315789474,0.200956938,0.028708134,0.09569378
Northumberland 022,E02005709,10.2966609,98.2361516,0.728862974,0.83090379,0.087463557,0.116618076
Northumberland 023,E02005710,7.764589515,97.9124659,0.652354406,1.35215277,0.023721978,0.059304946
Northumberland 024,E02005711,13.08505284,98.68121328,0.515525716,0.671382328,0.071933821,0.059944851
Northumberland 025,E02005712,7.432181345,97.95163585,0.327169275,1.635846373,0.028449502,0.056899004
Northumberland 026,E02005713,5.855492882,99.41590535,0.22465179,0.29953572,0.014976786,0.044930358
Northumberland 027,E02005714,3.406084656,98.62453532,0.501858736,0.576208178,0.167286245,0.130111524
Northumberland 029,E02005715,4.871794872,98.55206765,0.718174447,0.602339859,0.092667671,0.034750376
Northumberland 028,E02005716,9.291084855,98.79312308,0.762837299,0.409882728,0.022771263,0.011385631
Northumberland 030,E02005717,9.918478261,99.03907751,0.512491992,0.345932095,0.076873799,0.0256246
Northumberland 031,E02005718,6.491611962,99.15369503,0.37781472,0.392927308,0.015112589,0.060450355
Northumberland 032,E02005719,8.397435897,98.98910332,0.45949849,0.472627019,0.052514113,0.026257057
Northumberland 008,E02005720,8.4723486,97.18822362,0.909692359,1.058551108,0.760833609,0.082699305
Northumberland 011,E02005721,7.040104621,98.41698842,0.579150579,0.637065637,0.308880309,0.057915058
Northumberland 015,E02005722,3.776416156,98.95994378,0.491918482,0.435699227,0.014054814,0.098383696
Northumberland 016,E02005723,5.739238927,98.20092342,0.636841267,0.764209521,0.334341665,0.063684127
Northumberland 018,E02005724,3.47346452,98.1288643,0.40676863,1.041327693,0.097624471,0.325414904
Northumberland 033,E02005725,3.488138319,94.98158379,0.73664825,3.806015961,0.21485574,0.260896255
Northumberland 034,E02005726,3.642072214,94.20083031,0.817332641,4.449922159,0.220550078,0.311364816
Northumberland 019,E02005727,4.851274788,99.15598625,0.390747108,0.328227571,0.062519537,0.062519537
Northumberland 037,E02005728,6.355426819,99.28189242,0.323852436,0.21120811,0.112644326,0.070402703
Northumberland 036,E02005729,4.617021277,98.62989324,0.800711744,0.444839858,0.053380783,0.071174377
Northumberland 035,E02005730,4.667128988,98.44239139,0.847522333,0.503932198,0.045812018,0.160342063
Northumberland 038,E02005731,6.202119845,98.67317792,0.506772321,0.737123376,0.046070211,0.036856169
Northumberland 039,E02005732,4.219834341,98.8068935,0.60760053,0.486080424,0.044189129,0.055236412
Northumberland 040,E02005733,4.700352526,98.86922321,0.553097345,0.442477876,0.098328417,0.036873156
Northumberland 009,E02005734,11.5230095,98.77932784,0.538998098,0.523145212,0.047558656,0.110970197
Northumberland 010,E02005735,8.665808666,96.81360202,0.629722922,2.279596977,0.125944584,0.151133501
Northumberland 013,E02005736,8.756361738,97.4851092,0.529450695,1.853077432,0.026472535,0.105890139
Northumberland 012,E02005737,11.31812641,98.69932199,0.470458005,0.691850007,0.041511,0.096859001
Northumberland 014,E02005738,7.739169675,99.03295836,0.374975331,0.493388593,0.039471087,0.059206631
Northumberland 017,E02005739,9.330657876,98.95393068,0.486052409,0.496618766,0.052831784,0.010566357
Northumberland 020,E02005740,9.839704069,99.09489051,0.330900243,0.399026764,0.097323601,0.077858881
Northumberland 021,E02005741,7.365356623,98.48555999,0.481333646,0.950927448,0.02347969,0.058699225
Redcar and Cleveland 001,E02002515,6.592682123,98.14977974,0.881057269,0.80763583,0.146842878,0.014684288
Redcar and Cleveland 002,E02002516,9.894226532,98.3955354,0.575514475,0.837111964,0.156958493,0.034879665
Redcar and Cleveland 003,E02002517,4.643178288,98.69888476,0.724907063,0.501858736,0.074349442,0
Redcar and Cleveland 004,E02002518,7.906521131,98.73169822,0.690105381,0.410332929,0.111908981,0.05595449
Redcar and Cleveland 005,E02002519,13.51253178,98.59474805,0.695528744,0.454222853,0.085166785,0.17033357
Redcar and Cleveland 006,E02002520,7.91718685,98.9298725,0.561627201,0.371888282,0.037947784,0.098664238
Redcar and Cleveland 007,E02002521,8.328622574,98.45585767,0.855991944,0.537092984,0.016784156,0.134273246
Redcar and Cleveland 009,E02002523,10.46755059,98.52625115,0.875038379,0.29167946,0.061406202,0.245624808
Redcar and Cleveland 010,E02002524,8.356741573,99.23989618,0.389321468,0.296625881,0.055617353,0.018539118
Redcar and Cleveland 011,E02002525,12.61363636,99.24614096,0.406844561,0.23932033,0.083762116,0.023932033
Redcar and Cleveland 012,E02002526,9.404113201,98.96699759,0.536624631,0.34880601,0.067078079,0.080493695
Redcar and Cleveland 013,E02002527,11.32686084,99.16940313,0.424956539,0.173845857,0.077264825,0.15452965
Redcar and Cleveland 015,E02002529,9.652928416,99.04114365,0.610181311,0.226638773,0.087168759,0.034867503
Redcar and Cleveland 016,E02002530,10.6557377,98.71145881,0.567571713,0.598251266,0.030679552,0.092038656
Redcar and Cleveland 018,E02002532,6.693711968,98.49864239,0.543044242,0.702763137,0.063887558,0.191662674
Redcar and Cleveland 019,E02002533,5.637828007,98.33275443,0.625217089,0.746787079,0.260507121,0.034734283
Redcar and Cleveland 020,E02002534,5.33632287,99.01007294,0.295241403,0.590482807,0,0.104202848
Redcar and Cleveland 021,E02006812,10.21145852,98.35441316,0.747994016,0.57119543,0.10879913,0.217598259
Redcar and Cleveland 022,E02006910,7.067028284,96.11717974,0.84409136,2.750744786,0.178748759,0.109235353
Stockton-on-Tees 001,E02002535,6.669747381,98.31539075,0.568181818,0.887161085,0.069776715,0.159489633
Stockton-on-Tees 002,E02002536,8.785882938,98.72850443,0.729546639,0.406461699,0.093798854,0.041688379
Stockton-on-Tees 003,E02002537,6.078597682,98.42449795,0.854321536,0.377232886,0.221901698,0.122045934
Stockton-on-Tees 004,E02002538,7.402467489,98.19669394,0.80146936,0.634496577,0.217064618,0.150275505
Stockton-on-Tees 005,E02002539,4.452848603,95.75798931,0.955305357,2.900034118,0.125099511,0.261571705
Stockton-on-Tees 006,E02002540,6.780055918,98.05917913,0.50906777,1.256761056,0.14317531,0.031816736
Stockton-on-Tees 007,E02002541,8.409785933,97.66703698,0.571337883,1.428344707,0.126963974,0.206316458
Stockton-on-Tees 008,E02002542,10.44036162,96.45126484,1.114974224,1.846301403,0.431602925,0.155856612
Stockton-on-Tees 009,E02002543,7.407788996,96.13567535,0.847970927,2.568140521,0.254391278,0.193821926
Stockton-on-Tees 010,E02002544,8.091586084,95.62485455,1.838491971,1.384686991,1.000698162,0.151268327
Stockton-on-Tees 011,E02002545,7.940821256,97.31232623,0.259499537,2.131603336,0.240963855,0.055607044
Stockton-on-Tees 012,E02002546,8.10215764,94.63755007,1.240470345,2.907352371,0.930352759,0.284274454
Stockton-on-Tees 013,E02002547,7.924292845,96.1690052,0.756739713,2.538231121,0.346839035,0.189184928
Stockton-on-Tees 014,E02002548,4.706614141,78.60767382,2.16326894,14.33276952,3.801299742,1.094987982
Stockton-on-Tees 015,E02002549,6.796116505,97.52677206,0.509943906,1.555328914,0.21672616,0.191228965
Stockton-on-Tees 016,E02002550,6.957087126,91.65364176,1.344170053,6.095654892,0.484526415,0.422006877
Stockton-on-Tees 017,E02002551,4.307141874,82.57540959,1.485224315,13.7651202,1.270862043,0.903383862
Stockton-on-Tees 018,E02002552,10.25815217,96.28705606,1.540945113,1.452891107,0.572351042,0.146756677
Stockton-on-Tees 019,E02002553,10.87344029,94.51705992,1.035477848,3.666610083,0.441351214,0.339500934
Stockton-on-Tees 020,E02002554,7.672131148,96.94822888,0.908265213,1.326067212,0.599455041,0.217983651
Stockton-on-Tees 021,E02002555,5.063444109,96.21273167,1.067687349,2.246172442,0.302175665,0.171232877
Stockton-on-Tees 022,E02002556,4.006373776,92.13687151,0.93575419,6.24301676,0.32122905,0.363128492
Stockton-on-Tees 023,E02002557,2.59659585,93.55419517,0.972272236,4.645300684,0.468131077,0.360100828
Stockton-on-Tees 024,E02002558,4.139156932,95.00256542,1.272447409,3.05797845,0.328373525,0.338635198
Gateshead 001,E02001682,8.055177112,98.65019738,0.50935948,0.623965364,0.12733987,0.089137909
Gateshead 002,E02001683,8.078994614,98.81760455,0.602145829,0.426976133,0.087584848,0.065688636
Gateshead 003,E02001684,7.239819005,95.61671764,1.23780399,1.936799185,0.800931994,0.407747197
Gateshead 004,E02001685,10.74002461,98.0377907,0.726744186,0.799418605,0.242248062,0.19379845
Gateshead 005,E02001686,5.933619866,98.39414002,0.521200169,0.760670517,0.126778419,0.197210875
Gateshead 007,E02001688,4.446761253,91.56096298,1.488480456,4.193631892,1.592026922,1.164897748
Gateshead 008,E02001689,8.650929711,90.70726677,1.128230013,4.864733713,0.946257431,2.353512071
Gateshead 009,E02001690,3.652274535,96.96529885,0.778466816,1.715265866,0.277081409,0.263887056
Gateshead 010,E02001691,9.309623431,89.4319683,1.549177375,5.440134502,1.705296025,1.873423802
Gateshead 011,E02001692,12.87640449,96.27377611,0.88868101,1.855316495,0.467726848,0.514499532
Gateshead 012,E02001693,14.36606515,97.57705327,0.587920898,0.979868163,0.391947265,0.463210404
Gateshead 013,E02001694,8.717839677,97.86747906,0.685453161,1.066260472,0.289413557,0.091393755
Gateshead 014,E02001695,8.54206808,97.52561072,0.535855004,1.623325453,0.094562648,0.220646178
Gateshead 015,E02001696,13.4587129,97.72316204,0.457495478,1.255452708,0.3936589,0.170230876
Gateshead 016,E02001697,6.044258505,97.40508756,0.626358175,1.316630449,0.242873578,0.409050236
Gateshead 017,E02001698,6.844106464,98.44609461,0.50880088,0.825082508,0.041254125,0.178767877
Gateshead 018,E02001699,13.18934787,98.06590258,0.501432665,1.017191977,0.243553009,0.171919771
Gateshead 019,E02001700,8.187367304,97.59570055,0.716575523,1.433151047,0.122572129,0.132000754
Gateshead 020,E02001701,6.870540265,97.51582278,0.791139241,1.503164557,0.094936709,0.094936709
Gateshead 021,E02001702,13.9201304,97.10738672,0.633147114,1.067659839,0.86902545,0.322780881
Gateshead 022,E02001703,7.858741607,99.07050158,0.508593476,0.350754121,0.035075412,0.035075412
Gateshead 023,E02001704,12.50252883,97.84795975,0.433202907,0.866405813,0.419228619,0.433202907
Gateshead 024,E02001705,12.91866029,98.39602555,0.283889283,0.809084457,0.212916962,0.298083747
Gateshead 025,E02001706,7.96875,97.67022396,0.736509845,1.082218548,0.28558545,0.225462198
Gateshead 026,E02001707,7.447466007,97.56185013,0.501972033,1.398350663,0.286841162,0.250986016
Gateshead 027,E02006841,5.295597484,84.68011219,2.123681047,7.573126753,2.991852544,2.631227461
Gateshead 028,E02006842,8.029857498,93.52477477,0.844594595,3.040540541,1.107357357,1.482732733
Newcastle upon Tyne 001,E02001708,5.393785421,89.77914741,1.181304571,4.982023626,0.431432974,3.626091423
Newcastle upon Tyne 002,E02001709,4.008198588,87.45726287,1.3382827,8.635342385,0.918237765,1.65087428
Newcastle upon Tyne 003,E02001710,9.851922618,92.15347038,1.150010177,3.745165886,1.801343375,1.150010177
Newcastle upon Tyne 004,E02001711,8.573596358,94.12552819,0.824487272,3.009378543,0.628671545,1.411934453
Newcastle upon Tyne 005,E02001712,5.004251184,89.17775091,1.54171705,6.620314389,1.118500605,1.54171705
Newcastle upon Tyne 006,E02001713,3.862180484,87.61913839,1.534502478,8.902020587,0.800609989,1.143728555
Newcastle upon Tyne 007,E02001714,3.178174659,85.01578894,1.314047061,11.70418662,0.855658551,1.110318835
Newcastle upon Tyne 008,E02001715,9.136587367,85.81647973,1.519032059,7.665812947,3.735759074,1.262916188
Newcastle upon Tyne 011,E02001718,12.13290461,94.88947834,0.990274094,3.094606543,0.671971706,0.353669319
Newcastle upon Tyne 012,E02001719,6.736842105,89.32433879,1.349180854,8.073669558,0.685298212,0.567512582
Newcastle upon Tyne 013,E02001720,1.996908013,90.80814312,2.190006169,5.829734732,0.586057989,0.586057989
Newcastle upon Tyne 014,E02001721,8.87804878,98.11909171,0.711431634,0.818633661,0.146184582,0.204658415
Newcastle upon Tyne 015,E02001722,10.41043762,97.44491569,0.806868729,1.013758146,0.506879073,0.227578359
Newcastle upon Tyne 016,E02001723,8.279457769,78.03077889,2.104271357,16.48869347,1.837311558,1.538944724
Newcastle upon Tyne 017,E02001724,3.045080191,88.78514819,1.780479861,7.252198458,1.433069156,0.749104332
Newcastle upon Tyne 018,E02001725,6.820782788,88.77708978,2.109133127,6.617647059,1.818885449,0.677244582
Newcastle upon Tyne 019,E02001726,8.240008219,80.64025678,1.199425627,16.36117915,0.861559253,0.937579187
Newcastle upon Tyne 020,E02001727,9.330778302,95.56858148,0.586166471,1.969519343,1.266119578,0.60961313
Newcastle upon Tyne 021,E02001728,7.648017382,97.56523526,0.626669406,0.996507089,0.421204027,0.39038422
Newcastle upon Tyne 022,E02001729,5.084598698,48.76382563,2.773259597,37.57319453,5.22121015,5.668510085
Newcastle upon Tyne 023,E02001730,3.906792796,81.32446232,1.910877302,12.91196039,2.31316726,1.539532725
Newcastle upon Tyne 024,E02001731,2.19834213,66.47667128,2.955785359,21.9363244,3.949189805,4.682029151
Newcastle upon Tyne 025,E02001732,10.29142042,93.32140727,1.391373484,4.193997217,1.013714967,0.079507056
Newcastle upon Tyne 026,E02001733,8.406304729,90.51745898,1.447202356,3.256205301,3.668489693,1.110643668
Newcastle upon Tyne 027,E02001734,8.63574352,89.33837922,1.787811562,5.911522902,2.231502023,0.730784288
Newcastle upon Tyne 028,E02001735,13.59076282,94.3150892,1.103719383,2.630783187,1.768974902,0.181433323
Newcastle upon Tyne 029,E02001736,6.40772771,52.74056967,2.617397998,35.92763664,5.488837567,3.225558122
Newcastle upon Tyne 030,E02001737,10.50837409,90.51866535,1.75090849,2.494218698,3.947803105,1.288404361
Newcastle upon Tyne 031,E02006893,9.716491415,97.61993653,0.513347023,1.512040321,0.186671645,0.16800448
North Tyneside 001,E02001738,4.969879518,97.54666667,0.32,1.706666667,0.177777778,0.248888889
North Tyneside 002,E02001739,10.89160839,97.8689398,0.732551945,1.092168354,0.21310602,0.093233884
North Tyneside 003,E02001740,4.570241496,97.6161686,1.070996718,1.157367421,0.086370703,0.069096562
North Tyneside 004,E02001741,7.206266319,97.97617339,0.602841969,0.861202813,0.502368308,0.057413521
North Tyneside 005,E02001742,6.107062076,98.24416101,0.811661421,0.82822594,0.066258075,0.049693556
North Tyneside 006,E02001743,5.290927744,95.34945171,1.202272427,2.98586339,0.079270709,0.383141762
North Tyneside 007,E02001744,8.162006579,98.04011637,0.70433318,0.826825907,0.122492727,0.306231817
North Tyneside 008,E02001745,5.232777011,97.8291647,0.707881076,1.006764197,0.377536574,0.078653453
North Tyneside 009,E02001746,6.766805473,95.83633309,0.983921286,2.771778258,0.227981761,0.179985601
North Tyneside 010,E02001747,7.948288245,98.36569579,0.631067961,0.809061489,0.113268608,0.080906149
North Tyneside 011,E02001748,6.085397288,95.06107276,1.062134891,2.947424323,0.398300584,0.531067446
North Tyneside 012,E02001749,8.747514911,96.81869826,0.811556565,1.98019802,0.24346697,0.146080182
North Tyneside 013,E02001750,4.747658689,95.32851115,0.753465943,3.496081977,0.226039783,0.195901145
North Tyneside 014,E02001751,9.635842881,97.51614506,1.126014241,1.076337142,0.16559033,0.115913231
North Tyneside 015,E02001752,4.175546084,93.67935042,0.971182933,4.282757523,0.47763095,0.589078172
North Tyneside 016,E02001753,7.036634022,97.49365482,1.14213198,0.95177665,0.285532995,0.126903553
North Tyneside 017,E02001754,7.766011094,97.60995851,1.145228216,0.962655602,0.182572614,0.099585062
North Tyneside 018,E02001755,5.174542597,95.97996243,0.776455855,2.654978084,0.262993112,0.32561052
North Tyneside 019,E02001756,5.904941313,93.99438324,1.209764528,3.845322964,0.75610283,0.194426442
North Tyneside 020,E02001757,9.428571429,97.80331193,0.692801622,1.081446435,0.050692802,0.371747212
North Tyneside 021,E02001758,6.734340183,98.28540811,0.428647973,1.000178603,0.267904983,0.017860332
North Tyneside 022,E02001759,6.656082071,96.66348904,1.271051795,1.477597712,0.333651096,0.254210359
North Tyneside 023,E02001760,8.724991121,96.29581994,1.144694534,1.813504823,0.591639871,0.154340836
North Tyneside 024,E02001761,10.81298632,98.36946452,0.611450806,0.518806744,0.426162683,0.074115249
North Tyneside 025,E02001762,9.455395924,95.02505369,0.697924123,3.901216893,0.178954903,0.196850394
North Tyneside 026,E02001763,12.44060475,97.71682258,0.697637546,1.15744411,0.348818773,0.079276994
North Tyneside 027,E02001764,9.860312243,95.99153327,1.415531155,1.627199365,0.582087578,0.383648631
North Tyneside 028,E02001765,10.71895425,95.63246807,1.05754704,1.936547178,1.15368768,0.219750034
North Tyneside 029,E02001766,7.927786499,95.40926808,1.097156056,2.353111015,0.967229681,0.173235167
North Tyneside 030,E02001767,8.448492462,96.4478545,0.738846263,1.974992896,0.639386189,0.198920148
South Tyneside 001,E02001768,6.617172369,82.58347147,1.503670377,13.31991475,0.686715605,1.9062278
South Tyneside 002,E02001769,7.577619399,85.46511628,1.987560844,8.071930773,1.081665765,3.393726339
South Tyneside 003,E02001770,8.446232007,95.72649573,1.022588523,1.800976801,0.351037851,1.098901099
South Tyneside 004,E02001771,11.12089848,97.70491803,0.671350507,1.31147541,0.109289617,0.202966432
South Tyneside 005,E02001772,7.947598253,95.91648189,1.570583888,1.496674058,0.314116778,0.702143385
South Tyneside 006,E02001773,6.772807683,97.37951255,0.861279091,1.11783031,0.219901045,0.421477002
South Tyneside 007,E02001774,7.474226804,96.81528662,0.92811647,1.637852593,0.109190173,0.50955414
South Tyneside 008,E02001775,11.83376379,98.3147064,0.780557034,0.585417775,0.195139258,0.124179528
South Tyneside 009,E02001776,8.879958517,97.74651246,0.679623226,0.941933945,0.155001788,0.47692858
South Tyneside 010,E02001777,8.096153846,97.91469194,0.647709321,0.884676145,0.126382306,0.426540284
South Tyneside 011,E02001778,8.013235506,95.17230169,1.170351105,2.486996099,0.520156047,0.650195059
South Tyneside 012,E02001779,7.738492328,96.86180951,1.08276748,1.009359516,0.348687833,0.697375665
South Tyneside 013,E02001780,12.60964912,97.49711205,0.693107432,1.020408163,0.327300732,0.462071621
South Tyneside 014,E02001781,13.69062738,97.74866211,0.978040229,0.775050747,0.202989481,0.295257428
South Tyneside 015,E02001782,11.22625216,98.23243993,0.704713494,0.554528651,0.300369686,0.207948244
South Tyneside 016,E02001783,11.99753897,96.67614912,1.227728702,0.703698158,0.643808953,0.748615062
South Tyneside 017,E02001784,11.80987962,98.52274389,0.438788943,0.585051923,0.131636683,0.321778558
South Tyneside 018,E02001785,10.6962482,97.92457606,0.746646419,0.911161731,0.025310048,0.392305745
South Tyneside 019,E02001786,13.96377422,98.56022808,0.669992872,0.598717035,0.042765502,0.128296507
South Tyneside 020,E02001787,8.382578245,99.11079495,0.337897919,0.444602525,0.035568202,0.071136404
South Tyneside 021,E02001788,7.847911594,96.81301916,0.525512799,2.407187659,0.084760129,0.169520258
South Tyneside 022,E02001789,5.274566474,95.26505404,0.583290444,3.379653457,0.051466804,0.720535255
South Tyneside 023,E02001790,5.960912052,97.90127602,0.55406313,1.192075218,0.218267293,0.134318334
Sunderland 001,E02001791,7.023783063,98.82515549,0.466482377,0.518313753,0.086385625,0.103662751
Sunderland 002,E02001792,8.982925019,98.87845226,0.546754521,0.518715828,0,0.056077387
Sunderland 003,E02001793,14.62783172,98.62817607,0.536800668,0.501013957,0.250506978,0.083502326
Sunderland 004,E02001794,15.00688389,98.9278303,0.530320498,0.322803781,0.184459304,0.034586119
Sunderland 005,E02001795,7.962881131,98.66842452,0.461437047,0.606460119,0.21094265,0.052735662
Sunderland 006,E02001796,8.192281652,92.63770616,0.743774927,4.742912579,1.153390105,0.722216234
Sunderland 007,E02001797,3.132813649,97.11160485,0.700734917,1.845838318,0.290548624,0.051273287
Sunderland 008,E02001798,8.780181875,98.4503632,0.714285714,0.532687651,0.157384988,0.14527845
Sunderland 009,E02001799,8.797231035,97.84086365,0.639744102,0.859656138,0.599760096,0.05997601
Sunderland 010,E02001800,7.012460156,98.61168385,0.604810997,0.632302405,0.041237113,0.109965636
Sunderland 011,E02001801,5.334706488,77.01947758,1.192812925,18.40555639,2.17424128,1.207911822
Sunderland 012,E02001802,12.20493093,96.28689305,0.587115202,2.634084418,0.460171374,0.031735957
Sunderland 013,E02001803,4.460595696,80.36788524,2.255900046,12.12401666,3.216103656,2.036094401
Sunderland 014,E02001804,11.36523575,98.20350008,0.54204739,1.006659439,0.216818956,0.030974137
Sunderland 015,E02001805,9.309791332,94.77637419,0.52919085,4.114032093,0.409696142,0.170706726
Sunderland 016,E02001806,10.97178683,89.5971979,1.132516054,7.553998832,1.319322825,0.39696439
Sunderland 017,E02001807,5.580081229,97.01247088,0.781142935,1.671919967,0.397423599,0.13704262
Sunderland 018,E02001808,6.984914238,79.59722681,1.172003962,16.75470452,1.634202707,0.841862001
Sunderland 019,E02001809,5.851428571,98.49062357,0.44214057,0.655587742,0.228693398,0.182954719
Sunderland 020,E02001810,8.396820139,98.25215567,0.722442321,0.780703799,0.128175251,0.116522955
Sunderland 021,E02001811,11.4289625,98.48649826,0.424651568,0.925522648,0.130662021,0.032665505
Sunderland 022,E02001812,6.448519717,92.84486053,0.668704624,5.168131448,0.353458158,0.964845243
Sunderland 023,E02001813,12.57327432,97.62211434,0.366590706,1.466362826,0.346774993,0.198157139
Sunderland 024,E02001814,8.668360484,96.33213673,0.998907445,2.107070392,0.312158577,0.249726861
Sunderland 025,E02001815,7.445426195,96.50464756,0.629357088,2.478698683,0.116189001,0.271107668
Sunderland 026,E02001816,13.40039519,98.59684652,0.433964993,0.66541299,0.188051497,0.115723998
Sunderland 027,E02001817,13.68465788,98.74403816,0.413354531,0.683624801,0.015898251,0.143084261
Sunderland 028,E02001818,9.961389961,97.5577949,0.474214582,1.244813278,0.201541197,0.52163604
Sunderland 029,E02001819,4.16192489,98.29995678,0.360178649,0.965278778,0.129664313,0.244921481
Sunderland 030,E02001820,10.73062964,97.94793621,0.351782364,1.313320826,0.187617261,0.19934334
Sunderland 031,E02001821,12.13470637,98.3860121,0.403496974,0.706119704,0.151311365,0.353059852
Sunderland 032,E02001822,9.43627451,98.52573384,0.38172963,0.605502172,0.342240358,0.144793998
Sunderland 033,E02001823,11.45616361,98.3588161,0.462898022,0.869687193,0.182353766,0.126244915
Sunderland 034,E02001824,9.260741927,98.56055199,0.535331906,0.54722817,0.249821556,0.107066381
Sunderland 035,E02001825,8.16371438,98.93842887,0.481245577,0.382165605,0.127388535,0.070771408
Sunderland 036,E02001826,12.83443195,98.77254129,0.37884528,0.530383391,0.136384301,0.181845734
Blackburn with Darwen 001,E02002615,6.326833404,74.40309744,1.634760163,23.25231233,0.451710045,0.258120026
Blackburn with Darwen 002,E02002616,5.780346821,49.35592434,1.380991064,47.11616572,0.266914239,1.880004642
Blackburn with Darwen 003,E02002617,7.196106854,19.07326377,1.4585437,78.3574554,0.43756311,0.673174015
Blackburn with Darwen 004,E02002618,8.228340333,14.38419727,1.312475143,82.07609704,0.729152857,1.498077688
Blackburn with Darwen 005,E02002619,8.595124403,41.39344262,1.411657559,54.74726776,1.058743169,1.388888889
Blackburn with Darwen 006,E02002620,4.844585324,41.14589486,1.571175428,54.18783225,1.405788541,1.689308919
Blackburn with Darwen 007,E02002621,7.658336924,17.71864933,1.789762558,77.13876626,0.906813029,2.446008829
Blackburn with Darwen 008,E02002622,8.881412952,74.39084542,1.203511887,22.35375358,1.104863372,0.947025747
Blackburn with Darwen 009,E02002623,9.300072657,90.4430757,1.649115835,6.487184582,0.933836678,0.486787204
Blackburn with Darwen 010,E02002624,6.41944531,90.72774289,0.849649058,7.683782785,0.270902598,0.46792267
Blackburn with Darwen 011,E02002625,5.844280679,83.82678751,1.319234642,13.05135952,0.876132931,0.926485398
Blackburn with Darwen 012,E02002626,10.90725806,96.64634146,0.942350333,1.565964523,0.540465632,0.304878049
Blackburn with Darwen 013,E02002627,5.071345931,95.81981046,0.947682721,2.661300792,0.363494742,0.207711281
Blackburn with Darwen 014,E02002628,8.82947303,95.54988662,0.821995465,2.947845805,0.311791383,0.368480726
Blackburn with Darwen 015,E02002629,11.1985192,92.54712087,1.020231714,5.723672834,0.397717448,0.311257133
Blackburn with Darwen 016,E02002630,6.683134349,92.74484114,0.900753357,5.535538814,0.524074681,0.294792008
Blackburn with Darwen 017,E02002631,7.741522713,97.01131744,0.791121855,1.780024173,0.252719481,0.164817053
Blackburn with Darwen 018,E02002632,4.269430052,98.43675227,0.685914819,0.638060297,0.06380603,0.175466582
Blackpool 001,E02002633,11.39198403,98.28381148,0.717213115,0.755635246,0.204918033,0.038422131
Blackpool 002,E02002634,9.253561254,98.0499031,0.847868217,0.847868217,0.145348837,0.109011628
Blackpool 003,E02002635,11.0644728,97.71135568,0.962981491,0.925462731,0.150075038,0.250125063
Blackpool 004,E02002636,7.153385084,97.28922856,1.158347265,1.25388106,0.214951039,0.083592071
Blackpool 005,E02002637,8.920965452,97.36629504,0.872515754,1.341089029,0.177734691,0.242365487
Blackpool 006,E02002638,10.72396438,95.06712457,1.748360912,2.419606619,0.390259132,0.374648767
Blackpool 007,E02002639,16.17307288,97.2270364,1.178509532,1.057192374,0.329289428,0.20797227
Blackpool 008,E02002640,14.77403451,94.60161268,2.528358617,2.077354107,0.423670903,0.36900369
Blackpool 009,E02002641,5.431309904,93.09385583,1.378809869,4.741170779,0.241896468,0.544267054
Blackpool 010,E02002642,6.859133231,94.11100127,1.624064398,3.036294309,0.649625759,0.579014264
Blackpool 011,E02002643,11.25106383,95.88109837,1.173020528,2.19941349,0.346574247,0.399893362
Blackpool 012,E02002644,7.896844466,97.54822651,1.020535159,1.182327318,0.074673304,0.17423771
Blackpool 013,E02002645,9.92863403,94.40886273,2.042582655,2.977323871,0.363510473,0.20772027
Blackpool 014,E02002646,7.981882235,97.84567727,0.887074064,0.872993523,0.154885948,0.239369192
Blackpool 015,E02002647,10.611218,96.84261855,1.292210167,1.316591491,0.304766549,0.243813239
Blackpool 016,E02002648,8.98997687,97.73502524,1.255287215,0.845954428,0.081866558,0.081866558
Blackpool 017,E02002649,10.46807428,97.34482357,1.094678002,1.164551066,0.232910213,0.163037149
Blackpool 018,E02002650,7.541575351,97.632469,1.07728924,0.839283477,0.13779281,0.313165477
Blackpool 019,E02002651,10.68444444,97.83469438,0.940361297,1.051719871,0.12373175,0.0494927
Cheshire East 022,E02003811,3.508137432,98.94790429,0.475139997,0.373324283,0.033938571,0.169692856
Cheshire East 023,E02003812,3.949068094,97.78768956,0.981266726,1.016949153,0.160570919,0.05352364
Cheshire East 024,E02003813,7.869065684,98.68758003,0.704225352,0.416133163,0.09603073,0.09603073
Cheshire East 025,E02003814,4.914411927,98.29862529,0.789437866,0.830270859,0.054443991,0.027221995
Cheshire East 026,E02003815,7.421875,98.10794955,0.704018774,0.836022294,0.205338809,0.146670578
Cheshire East 027,E02003816,4.973459497,97.2299575,0.600908691,1.802726074,0.190532024,0.175875714
Cheshire East 028,E02003817,5.644633508,97.97979798,0.611751316,0.981647461,0.213401622,0.213401622
Cheshire East 029,E02003818,4.522985665,98.89883001,0.412938747,0.567790778,0.034411562,0.086028906
Cheshire East 030,E02003819,5.482695811,98.26026444,0.678496868,0.71329158,0.173973556,0.173973556
Cheshire East 031,E02003820,3.811029153,97.6590106,0.706713781,1.163133098,0.220848057,0.250294464
Cheshire East 032,E02003821,7.279183311,98.34437086,0.680647535,0.846210449,0.073583517,0.055187638
Cheshire East 033,E02003822,6.254467477,98.85273651,0.564227948,0.32913297,0.094037991,0.159864585
Cheshire East 040,E02003823,6.004213483,97.22605364,1.348659004,1.195402299,0.153256705,0.076628352
Cheshire East 042,E02003824,5.869074492,98.15238095,0.8,0.819047619,0.152380952,0.076190476
Cheshire East 034,E02003825,4.844192635,96.42647059,1.220588235,1.808823529,0.323529412,0.220588235
Cheshire East 035,E02003826,9.473684211,97.04512179,1.38426727,0.838546519,0.665513111,0.066551311
Cheshire East 036,E02003827,7.90412327,94.92362467,1.699781785,2.078787183,1.079591134,0.218215229
Cheshire East 037,E02003828,5.786236063,96.85684493,1.355578728,1.310889319,0.297929391,0.178757634
